# 087bb88aa1dda9cdfed7d1558d5a4c2ab8056c1288aab0fb24fe21f4f82d4670#
# baonoise-meta {"cosmology":{"N_eff":3.046,"h":0.6832,"mnu":0.06,"ns":0.9742,"ombh2":0.022506,"omch2":0.11755,"omnuh2":0.000644883920894239,"sigma_8":0.8117},"data_sha256":"468d0f6b5dc2a91da3fafb72822b8bedb754c8f822c6c072aae47f7c1a343623","format":"baonoise-pk-v2","generator":{"package":"camb","version":"2.0.4"},"settings":{"As":2.1e-09,"accurate_massive_neutrino_transfers":false,"kmax_h_mpc":20.0,"minkh_h_mpc":0.0001,"neutrino_input":"omnuh2_active","nonlinear":false,"npoints":1400,"redshift":0.0,"tau":0.06}}
6.832000000000000995e-05 1.353864624796603266e+03
6.891869006230168628e-05 1.365415262378024863e+03
6.952262646228921897e-05 1.377064325662159490e+03
7.013185517376585001e-05 1.388812645251683307e+03
7.074642257340450779e-05 1.400661069053397341e+03
7.136637544427822685e-05 1.412610456998618702e+03
7.199176097942137258e-05 1.424661676556558177e+03
7.262262678542219930e-05 1.436815602779465507e+03
7.325902088604683670e-05 1.449073118368187124e+03
7.390099172589500271e-05 1.461435109276864068e+03
7.454858817408779523e-05 1.473902455218338446e+03
7.520185952798776594e-05 1.486476040447969353e+03
7.586085551695164223e-05 1.499156756415840164e+03
7.652562630611590034e-05 1.511945501822272718e+03
7.719622250021547451e-05 1.524843182808180472e+03
7.787269514743600863e-05 1.537850718940617526e+03
7.855509574329984010e-05 1.550969045852191357e+03
7.924347623458600056e-05 1.564199107777632435e+03
7.993788902328455867e-05 1.577541857021386704e+03
8.063838697058569812e-05 1.590998254026865879e+03
8.134502340090370685e-05 1.604569267180091856e+03
8.205785210593617577e-05 1.618255870010176977e+03
8.277692734875882708e-05 1.632059042244108696e+03
8.350230386795627039e-05 1.645979771808830947e+03
8.423403688178882195e-05 1.660019054932836980e+03
8.497218209239594305e-05 1.674177896215050168e+03
8.571679569003655462e-05 1.688457308910299162e+03
8.646793435736628260e-05 1.702858315786550293e+03
8.722565527375252838e-05 1.717381948520537890e+03
8.799001611962703907e-05 1.732029247492836703e+03
8.876107508087681787e-05 1.746801261860688101e+03
8.953889085327337459e-05 1.761699049619091966e+03
9.032352264694095312e-05 1.776723676091131210e+03
9.111503019086372257e-05 1.791876212374918623e+03
9.191347373743260943e-05 1.807157738105153157e+03
9.271891406703194709e-05 1.822569341886317034e+03
9.353141249266624089e-05 1.838112121365367557e+03
9.435103086462756357e-05 1.853787183548864277e+03
9.517783157520382517e-05 1.869595649481081637e+03
9.601187756342829688e-05 1.885538654107376260e+03
9.685323231987076815e-05 1.901617342207462343e+03
9.770195989147062183e-05 1.917832868318009560e+03
9.855812488641236939e-05 1.934186396816030310e+03
9.942179247904383589e-05 1.950679100253735442e+03
1.002930284148374963e-04 1.967312149038138386e+03
1.011718990153951796e-04 1.984086718082421839e+03
1.020584711834968464e-04 2.001003991805518808e+03
1.029528124081932893e-04 2.018065164222382919e+03
1.038549907699437607e-04 2.035271439021856168e+03
1.047650749457985269e-04 2.052624033771088307e+03
1.056831342146266877e-04 2.070124187927309777e+03
1.066092384623900204e-04 2.087773153530751188e+03
1.075434581874629294e-04 2.105572193226677427e+03
1.084858645059990707e-04 2.123522580355108857e+03
1.094365291573448954e-04 2.141625599016743308e+03
1.103955245095007763e-04 2.159882543236098172e+03
1.113629235646298522e-04 2.178294716733407768e+03
1.123387999646152690e-04 2.196863434131069880e+03
1.133232279966660743e-04 2.215590021125517978e+03
1.143162825989721176e-04 2.234475814579993312e+03
1.153180393664088104e-04 2.253522161374297866e+03
1.163285745562914344e-04 2.272730406363502880e+03
1.173479650941803529e-04 2.292101897236942477e+03
1.183762885797366921e-04 2.311637992330546240e+03
1.194136232926295893e-04 2.331340060816175992e+03
1.204600481984951306e-04 2.351209482781864608e+03
1.215156429549474120e-04 2.371247655475672673e+03
1.225804879176424413e-04 2.391456013762293878e+03
1.236546641463951118e-04 2.411836011808403782e+03
1.247382534113496816e-04 2.432389116398867827e+03
1.258313381992045307e-04 2.453116807048781993e+03
1.269340017194911822e-04 2.474020575948885835e+03
1.280463279109086722e-04 2.495101911345047029e+03
1.291684014477131599e-04 2.516362282660306391e+03
1.303003077461636450e-04 2.537803167455660514e+03
1.314421329710242802e-04 2.559426054786142686e+03
1.325939640421233072e-04 2.581232445281131277e+03
1.337558886409699957e-04 2.603223852710947995e+03
1.349279952174289659e-04 2.625401829090405499e+03
1.361103729964535712e-04 2.647767962045602872e+03
1.373031119848779102e-04 2.670323853597206380e+03
1.385063029782684419e-04 2.693071119561526757e+03
1.397200375678356397e-04 2.716011389671522011e+03
1.409444081474064676e-04 2.739146303041141891e+03
1.421795079204574651e-04 2.762477483042332551e+03
1.434254309072097926e-04 2.786006554450920248e+03
1.446822719517865108e-04 2.809735154828157647e+03
1.459501267294323649e-04 2.833664934639495186e+03
1.472290917537968035e-04 2.857797557359067923e+03
1.485192643842812648e-04 2.882134705838843729e+03
1.498207428334502405e-04 2.906678093190940672e+03
1.511336261745076085e-04 2.931429449396961445e+03
1.524580143488385876e-04 2.956390518720176715e+03
1.537940081736175293e-04 2.981563059820858598e+03
1.551417093494823621e-04 3.006948845765308761e+03
1.565012204682766895e-04 3.032549660661374674e+03
1.578726450208592434e-04 3.058367298869855404e+03
1.592560874049820502e-04 3.084403569077833254e+03
1.606516529332374427e-04 3.110660294667152357e+03
1.620594478410750572e-04 3.137139313829105504e+03
1.634795792948886813e-04 3.163842479529174852e+03
1.649121554001742513e-04 3.190771658289758307e+03
1.663572852097590284e-04 3.217928730895148419e+03
1.678150787321033887e-04 3.245315593311075645e+03
1.692856469396748212e-04 3.272934156810887998e+03
1.707691017773957875e-04 3.300786348093624838e+03
1.722655561711649273e-04 3.328874106520894202e+03
1.737751240364539685e-04 3.357199375608908667e+03
1.752979202869789322e-04 3.385764111345418769e+03
1.768340608434479367e-04 3.414570285028936723e+03
1.783836626423856270e-04 3.443619883378366467e+03
1.799468436450344755e-04 3.472914908754418775e+03
1.815237228463347397e-04 3.502457388154348791e+03
1.831144202839825926e-04 3.532249380196855782e+03
1.847190570475679952e-04 3.562292961755878878e+03
1.863377552877921496e-04 3.592590226600165352e+03
1.879706382257664301e-04 3.623143285526045929e+03
1.896178301623921143e-04 3.653954266144678968e+03
1.912794564878228661e-04 3.685025307792011517e+03
1.929556436910096720e-04 3.716358562543088738e+03
1.946465193693298033e-04 3.747956199556841511e+03
1.963522122382997768e-04 3.779820405329472123e+03
1.980728521413737775e-04 3.811953383825679339e+03
1.998085700598280050e-04 3.844357353608818812e+03
2.015594981227308608e-04 3.877034533147725597e+03
2.033257696170018237e-04 3.909987151585451556e+03
2.051075189975570888e-04 3.943217455116190195e+03
2.069048818975452756e-04 3.976727707110320807e+03
2.087179951386717170e-04 4.010520188241086544e+03
2.105469967416144701e-04 4.044597200224942299e+03
2.123920259365305878e-04 4.078961071493096824e+03
2.142532231736546833e-04 4.113614149946371072e+03
2.161307301339908708e-04 4.148558801742126889e+03
2.180246897400977852e-04 4.183797411424186976e+03
2.199352461669684157e-04 4.219332382317719748e+03
2.218625448530052403e-04 4.255166144135665490e+03
2.238067325110915020e-04 4.291301154461870283e+03
2.257679571397594941e-04 4.327739890849594303e+03
2.277463680344568846e-04 4.364484850506120893e+03
2.297421157989113232e-04 4.401538550439907340e+03
2.317553523565952557e-04 4.438903524936492431e+03
2.337862309622907296e-04 4.476582304201830993e+03
2.358349062137557071e-04 4.514577424999768482e+03
2.379015340634925652e-04 4.552891443016978883e+03
2.399862718306197836e-04 4.591526933098154586e+03
2.420892782128479070e-04 4.630486489370623531e+03
2.442107132985594543e-04 4.669772726342245733e+03
2.463507385789964082e-04 4.709388281658729284e+03
2.485095169605526012e-04 4.749335813599779613e+03
2.506872127771754707e-04 4.789618000417528492e+03
2.528839918028750956e-04 4.830237540468106999e+03
2.551000212643439848e-04 4.871197152379076215e+03
2.573354698536869109e-04 4.912499577514778139e+03
2.595905077412620390e-04 4.954147581649441236e+03
2.618653065886352447e-04 4.996143951753123474e+03
2.641600395616474609e-04 5.038491495795308765e+03
2.664748813435967876e-04 5.081193042884600800e+03
2.688100081485356890e-04 5.124251443192565603e+03
2.711655977346856105e-04 5.167669565159108060e+03
2.735418294179679300e-04 5.211450296295289263e+03
2.759388840856546055e-04 5.255596545563188556e+03
2.783569442101378136e-04 5.300111243571437626e+03
2.807961938628203685e-04 5.344997342715097147e+03
2.832568187281278419e-04 5.390257813819708645e+03
2.857390061176435245e-04 5.435895630552508919e+03
2.882429449843676352e-04 5.481913781526885941e+03
2.907688259371004561e-04 5.528315276700614959e+03
2.933168412549526979e-04 5.575103147503016771e+03
2.958871849019822291e-04 5.622280446995123384e+03
2.984800525419593377e-04 5.669850259137190733e+03
3.010956415532613380e-04 5.717815711362760339e+03
3.037341510438977695e-04 5.766179957125938927e+03
3.063957818666672721e-04 5.814946173133272168e+03
3.090807366344472222e-04 5.864117559491923203e+03
3.117892197356171048e-04 5.913697338753600889e+03
3.145214373496174110e-04 5.963688728642537171e+03
3.172775974626451450e-04 6.014094939308966786e+03
3.200579098834858320e-04 6.064919201378279467e+03
3.228625862594853885e-04 6.116164767486018718e+03
3.256918400926610952e-04 6.167834912386446376e+03
3.285458867559548179e-04 6.219932936516654991e+03
3.314249435096268490e-04 6.272462191403409633e+03
3.343292295177958452e-04 6.325426066277605969e+03
3.372589658651214462e-04 6.378827974608374461e+03
3.402143755736340746e-04 6.432671354148286810e+03
3.431956836197128363e-04 6.486959667073842866e+03
3.462031169512109281e-04 6.541696392515139451e+03
3.492369045047319658e-04 6.596885008134342570e+03
3.522972772230571238e-04 6.652529009798222432e+03
3.553844680727260706e-04 6.708631917022302332e+03
3.584987120617703416e-04 6.765197273087265785e+03
3.616402462576037051e-04 6.822228645125420371e+03
3.648093098050678943e-04 6.879729622648400436e+03
3.680061439446378796e-04 6.937703816782351169e+03
3.712309920307857057e-04 6.996154862541159673e+03
3.744840995505048986e-04 7.055086419134571770e+03
3.777657141419991297e-04 7.114502170081340410e+03
3.810760856135316128e-04 7.174405822326783891e+03
3.844154659624433108e-04 7.234801094218795697e+03
3.877841093943340989e-04 7.295691719015268973e+03
3.911822723424151224e-04 7.357081453743602651e+03
3.946102134870285022e-04 7.418974079483053174e+03
3.980681937753397523e-04 7.481373401459975867e+03
4.015564764412014485e-04 7.544283253838579185e+03
4.050753270251917235e-04 7.607707519037454404e+03
4.086250133948285661e-04 7.671650112364874985e+03
4.122058057649597611e-04 7.736114974887693279e+03
4.158179767183341072e-04 7.801106073546918196e+03
4.194618012263501197e-04 7.866627401170679150e+03
4.231375566699885587e-04 7.932682957782918493e+03
4.268455228609272130e-04 7.999276728082953014e+03
4.305859820628417855e-04 8.066412715755007412e+03
4.343592190128918538e-04 8.134094948700821078e+03
4.381655209433974320e-04 8.202327479111969296e+03
4.420051776037025042e-04 8.271114384425356548e+03
4.458784812822331719e-04 8.340459786750339845e+03
4.497857268287472170e-04 8.410367853608811856e+03
4.537272116767786050e-04 8.480842779362586953e+03
4.577032358662799631e-04 8.551888784466311336e+03
4.617141020664623286e-04 8.623510115563229192e+03
4.657601155988354215e-04 8.695711036215438071e+03
4.698415844604499026e-04 8.768495764589399187e+03
4.739588193473431377e-04 8.841868509644540609e+03
4.781121336781903627e-04 8.915833502864850743e+03
4.823018436181637997e-04 8.990394998439964183e+03
4.865282681029993428e-04 9.065557273286547570e+03
4.907917288632760193e-04 9.141324646010176366e+03
4.950925504489069777e-04 9.217701518479849256e+03
4.994310602538447157e-04 9.294692329754268940e+03
5.038075885410045560e-04 9.372301544740321333e+03
5.082224684674048563e-04 9.450533654259164905e+03
5.126760361095280150e-04 9.529393174861532316e+03
5.171686304889043908e-04 9.608884637484714403e+03
5.217005935979189156e-04 9.689012582317018314e+03
5.262722704258456083e-04 9.769781573519920130e+03
5.308840089851092278e-04 9.851196200468008101e+03
5.355361603377767777e-04 9.933261077787616159e+03
5.402290786222825473e-04 1.001598084052008380e+04
5.449631210803847388e-04 1.009936009045488754e+04
5.497386480843620285e-04 1.018340341401290971e+04
5.545560231644448574e-04 1.026811541889453292e+04
5.594156130364896914e-04 1.035350073469754716e+04
5.643177876298933245e-04 1.043956401287785229e+04
5.692629201157551385e-04 1.052630993128657428e+04
5.742513869352827661e-04 1.061374321116362626e+04
5.792835678284490725e-04 1.070186860262578375e+04
5.843598458628978523e-04 1.079069087855867474e+04
5.894806074631063746e-04 1.088021483458480907e+04
5.946462424398000048e-04 1.097044528906680534e+04
5.998571440196263840e-04 1.106138708810730895e+04
6.051137088750892755e-04 1.115304511083488978e+04
6.104163371547441375e-04 1.124542426070494912e+04
6.157654325136599754e-04 1.133852946427858114e+04
6.211614021441460654e-04 1.143236567118715539e+04
6.266046568067497281e-04 1.152693785078186193e+04
6.320956108615236350e-04 1.162225092788629081e+04
6.376346822995694781e-04 1.171830978485243031e+04
6.432222927748567015e-04 1.181511932005696690e+04
6.488588676363203070e-04 1.191268445009437528e+04
6.545448359602401176e-04 1.201101010963669069e+04
6.602806305829021522e-04 1.211010125563886686e+04
6.660666881335500222e-04 1.220996289359636467e+04
6.719034490676210414e-04 1.231060006094517848e+04
6.777913577002764789e-04 1.241201781425799891e+04
6.837308622402223784e-04 1.251422122906649747e+04
6.897224148238313528e-04 1.261721539971599304e+04
6.957664715495593885e-04 1.272100542530536404e+04
7.018634925126654694e-04 1.282559638214951519e+04
7.080139418402371610e-04 1.293099335570446055e+04
7.142182877265189052e-04 1.303720144759218965e+04
7.204770024685561419e-04 1.314422577540835664e+04
7.267905625021452848e-04 1.325207147193784112e+04
7.331594484381039707e-04 1.336074366199755605e+04
7.395841450988542088e-04 1.347024745389518648e+04
7.460651415553319838e-04 1.358058796715168864e+04
7.526029311642145302e-04 1.369177033430531446e+04
7.591980116054782880e-04 1.380379970065615453e+04
7.658508849202820112e-04 1.391668122224652325e+04
7.725620575491856526e-04 1.403042004805907163e+04
7.793320403707025340e-04 1.414502132646839891e+04
7.861613487401875088e-04 1.426049021627513685e+04
7.930505025290699025e-04 1.437683188657048413e+04
8.000000261644254823e-04 1.449405151642909186e+04
8.070104486689002503e-04 1.461215429007731473e+04
8.140823037009797727e-04 1.473114538132198686e+04
8.212161295956145598e-04 1.485102996687922314e+04
8.284124694051977046e-04 1.497181323118220644e+04
8.356718709409073544e-04 1.509350036602613727e+04
8.429948868144049095e-04 1.521609656992840610e+04
8.503820744799041277e-04 1.533960701843152492e+04
8.578339962766051707e-04 1.546403683667947553e+04
8.653512194715016169e-04 1.558939114676117060e+04
8.729343163025643417e-04 1.571567507321723679e+04
8.805838640223016172e-04 1.584289374259135911e+04
8.883004449417011752e-04 1.597105228149523646e+04
8.960846464745573798e-04 1.610015579059830634e+04
9.039370611821892542e-04 1.623020934663662592e+04
9.118582868185468688e-04 1.636121802399411354e+04
9.198489263757148732e-04 1.649318689495629587e+04
9.279095881298131702e-04 1.662612102918693199e+04
9.360408856873036251e-04 1.676002549984710640e+04
9.442434380316982534e-04 1.689490541981621209e+04
9.525178695706785397e-04 1.703076591661794373e+04
9.608648101836283779e-04 1.716761211522433223e+04
9.692848952695813950e-04 1.730544913749393527e+04
9.777787657955915469e-04 1.744428210150238010e+04
9.863470683455241670e-04 1.758411603351027588e+04
9.949904551692782036e-04 1.772495571344491691e+04
1.003709584232434981e-03 1.786680586518096970e+04
1.012505119266347148e-03 1.800967119478107998e+04
1.021377729818664665e-03 1.815355638971798180e+04
1.030328091304300768e-03 1.829846612248962265e+04
1.039356885056849818e-03 1.844440519773243795e+04
1.048464798380449895e-03 1.859137859223861597e+04
1.057652524602105317e-03 1.873939128368304227e+04
1.066920763124464076e-03 1.888844823875501606e+04
1.076270219479059324e-03 1.903855441252433229e+04
1.085701605380015762e-03 1.918971472047488351e+04
1.095215638778229608e-03 1.934193379078806902e+04
1.104813043916020622e-03 1.949521607071841572e+04
1.114494551382264661e-03 1.964956597670125848e+04
1.124260898168007389e-03 1.980498789524111999e+04
1.134112827722567191e-03 1.996148618197454925e+04
1.144051090010130521e-03 2.011906517711505148e+04
1.154076441566841008e-03 2.027772925461140767e+04
1.164189645558389233e-03 2.043748277387945200e+04
1.174391471838106670e-03 2.059833006278803805e+04
1.184682697005572886e-03 2.076027541672431471e+04
1.195064104465730576e-03 2.092332309764988167e+04
1.205536484488521892e-03 2.108747733317352686e+04
1.216100634269045612e-03 2.125274231560904445e+04
1.226757357988243844e-03 2.141912220096154124e+04
1.237507466874119113e-03 2.158662110794005275e+04
1.248351779263487263e-03 2.175524311696605218e+04
1.259291120664273117e-03 2.192499225767147436e+04
1.270326323818348445e-03 2.209587233043191736e+04
1.281458228764927000e-03 2.226788693351020265e+04
1.292687682904509246e-03 2.244103960715263383e+04
1.304015541063390220e-03 2.261533383674357901e+04
1.315442665558729223e-03 2.279077305156877264e+04
1.326969926264198046e-03 2.296736065229888118e+04
1.338598200676193633e-03 2.314510015439895142e+04
1.350328373980639023e-03 2.332399508382744898e+04
1.362161339120367175e-03 2.350404891381806374e+04
1.374097996863091111e-03 2.368526506362781583e+04
1.386139255869978408e-03 2.386764689718145019e+04
1.398286032764820041e-03 2.405119764667613344e+04
1.410539252203806817e-03 2.423592029344764887e+04
1.422899846945914915e-03 2.442181772214912780e+04
1.435368757923916570e-03 2.460889274828495763e+04
1.447946934316002906e-03 2.479714811685582026e+04
1.460635333618040153e-03 2.498658649983499345e+04
1.473434921716456226e-03 2.517721046097431463e+04
1.486346672961770662e-03 2.536902244787415475e+04
1.499371570242762292e-03 2.556202482752861761e+04
1.512510605061292415e-03 2.575621988706353295e+04
1.525764777607781317e-03 2.595160983228925033e+04
1.539135096837343335e-03 2.614819678426601968e+04
1.552622580546597370e-03 2.634598276160426030e+04
1.566228255451140730e-03 2.654496968682041188e+04
1.579953157263709693e-03 2.674515939423263626e+04
1.593798330773017920e-03 2.694655362854632040e+04
1.607764829923292657e-03 2.714915404334097911e+04
1.621853717894504616e-03 2.735296218258482986e+04
1.636066067183299328e-03 2.755797943227295400e+04
1.650402959684640599e-03 2.776420706552441334e+04
1.664865486774167380e-03 2.797164625531851925e+04
1.679454749391273791e-03 2.818029807290320241e+04
1.694171858122917301e-03 2.839016348561557970e+04
1.709017933288160037e-03 2.860124331580212674e+04
1.723994105023449099e-03 2.881353821240443358e+04
1.739101513368650816e-03 2.902704870695109275e+04
1.754341308353832458e-03 2.924177521778169103e+04
1.769714650086806357e-03 2.945771804836881711e+04
1.785222708841440993e-03 2.967487738149645156e+04
1.800866665146748802e-03 2.989325322031458199e+04
1.816647709876750274e-03 3.011284539914914785e+04
1.832567044341127781e-03 3.033365362617720530e+04
1.848625880376675431e-03 3.055567748282749017e+04
1.864825440439544070e-03 3.077891642202778166e+04
1.881166957698303995e-03 3.100336974998024380e+04
1.897651676127815610e-03 3.122903654894420833e+04
1.914280850603926028e-03 3.145591573267924468e+04
1.931055746998992708e-03 3.168400607526415479e+04
1.947977642278249290e-03 3.191330620929950237e+04
1.965047824597011047e-03 3.214381462412223846e+04
1.982267593398734460e-03 3.237552967420316418e+04
1.999638259513935278e-03 3.260844959153971649e+04
2.017161145259971540e-03 3.284257246381735604e+04
2.034837584541706983e-03 3.307789622921497357e+04
2.052668922953051339e-03 3.331441867458888737e+04
2.070656517879390993e-03 3.355213742651334178e+04
2.088801738600915177e-03 3.379104976724557491e+04
2.107105966396857679e-03 3.403115261195620405e+04
2.125570594650639297e-03 3.427244269561466353e+04
2.144197028955937504e-03 3.451491658092629950e+04
2.162986687223688535e-03 3.475857065638426138e+04
2.181940999790017537e-03 3.500340113297161588e+04
2.201061409525129336e-03 3.524940403209731448e+04
2.220349371943138549e-03 3.549657518904128665e+04
2.239806355312871575e-03 3.574491025656330748e+04
2.259433840769632662e-03 3.599440470301853929e+04
2.279233322427959198e-03 3.624505381043302623e+04
2.299206307495354085e-03 3.649685263990624662e+04
2.319354316387023385e-03 3.674979594846525288e+04
2.339678882841610130e-03 3.700387827265309897e+04
2.360181554037955962e-03 3.725909395033176406e+04
2.380863890712871505e-03 3.751543711875587906e+04
2.401727467279947577e-03 3.777290171128218935e+04
2.422773871949408103e-03 3.803148137782060803e+04
2.444004706849001694e-03 3.829116943879718019e+04
2.465421588145971354e-03 3.855195899071838357e+04
2.487026146170078032e-03 3.881384291418432986e+04
2.508820025537708814e-03 3.907681387198109587e+04
2.530804885277065409e-03 3.934086429876667535e+04
2.552982398954464164e-03 3.960598629429411085e+04
2.575354254801728079e-03 3.987217165056497470e+04
2.597922155844703800e-03 4.013941192708682502e+04
2.620687820032900975e-03 4.040769845070371957e+04
2.643652980370264378e-03 4.067702231374663097e+04
2.666819385047107006e-03 4.094737434953569755e+04
2.690188797573177248e-03 4.121874503614693094e+04
2.713762996911912168e-03 4.149112457072173129e+04
2.737543777615852620e-03 4.176450290400381346e+04
2.761532949963251861e-03 4.203886973858286365e+04
2.785732340095886314e-03 4.231421452645113459e+04
2.810143790158062000e-03 4.259052633317020809e+04
2.834769158436844377e-03 4.286779367173471110e+04
2.859610319503521139e-03 4.314600474974132521e+04
2.884669164356302735e-03 4.342514750586679293e+04
2.909947600564267989e-03 4.370520960817513696e+04
2.935447552412576936e-03 4.398617845717479213e+04
2.961170961048951739e-03 4.426804128980136011e+04
2.987119784631449976e-03 4.455078518204204738e+04
3.013295998477520752e-03 4.483439694361909642e+04
3.039701595214376172e-03 4.511886311172658316e+04
3.066338584930672091e-03 4.540416994961396995e+04
3.093208995329532404e-03 4.569030337971389963e+04
3.120314871882897377e-03 4.597724853814089875e+04
3.147658277987235888e-03 4.626499003107810859e+04
3.175241295120617702e-03 4.655351216381084669e+04
3.203066023001157909e-03 4.684279894068794238e+04
3.231134579746867790e-03 4.713283406381181703e+04
3.259449102036881315e-03 4.742360083610963193e+04
3.288011745274112795e-03 4.771508194667416683e+04
3.316824683749329192e-03 4.800725970764931844e+04
3.345890110806670932e-03 4.830011611297151831e+04
3.375210239010613400e-03 4.859363283731129195e+04
3.404787300314398180e-03 4.888779124776855315e+04
3.434623546229930140e-03 4.918257300449689501e+04
3.464721247999179819e-03 4.947796033918714238e+04
3.495082696767073775e-03 4.977393526430441852e+04
3.525710203755904985e-03 5.007047950667958503e+04
3.556606100441273271e-03 5.036757450702638016e+04
3.587772738729558784e-03 5.066520093314149563e+04
3.619212491136967590e-03 5.096333321829967463e+04
3.650927750970131992e-03 5.126194138343392842e+04
3.682920932508294658e-03 5.156099484568295884e+04
3.715194471187092604e-03 5.186046248806451331e+04
3.747750823783955760e-03 5.216031265861265274e+04
3.780592468605127512e-03 5.246051862843944400e+04
3.813721905674309371e-03 5.276107922111096559e+04
3.847141656922980959e-03 5.306200115282717888e+04
3.880854266382387490e-03 5.336329149885538936e+04
3.914862300377181317e-03 5.366495769457823189e+04
3.949168347720786489e-03 5.396700735556716245e+04
3.983775019912485019e-03 5.426942222595013300e+04
4.018684951336184107e-03 5.457213022919217474e+04
4.053900799460983563e-03 5.487505133782862686e+04
4.089425245043451507e-03 5.517810396513791056e+04
4.125260992331696366e-03 5.548120496424113662e+04
4.161410769271242996e-03 5.578427177448053408e+04
4.197877327712660860e-03 5.608726499220739788e+04
4.234663443621079597e-03 5.639018697257086023e+04
4.271771917287475739e-03 5.669304209352651378e+04
4.309205573541855482e-03 5.699583513643070182e+04
4.346967261968297941e-03 5.729857128747626120e+04
4.385059857121858043e-03 5.760125165380584076e+04
4.423486258747394949e-03 5.790384561248325917e+04
4.462249392000324291e-03 5.820630823715672159e+04
4.501352207669267330e-03 5.850859390240225912e+04
4.540797682400697644e-03 5.881065634134986612e+04
4.580588818925520299e-03 5.911244865239359206e+04
4.620728646287649427e-03 5.941392824874933285e+04
4.661220220074611086e-03 5.971506672759049980e+04
4.702066622650109828e-03 6.001583817579926108e+04
4.743270963388709037e-03 6.031621650590207719e+04
4.784836378912494040e-03 6.061617545869797323e+04
4.826766033329856799e-03 6.091568820495649561e+04
4.869063118476373540e-03 6.121471120015125780e+04
4.911730854157747572e-03 6.151317828979771002e+04
4.954772488394932652e-03 6.181102086211407732e+04
4.998191297671396131e-03 6.210816936479919968e+04
5.041990587182495868e-03 6.240455331293236668e+04
5.086173691087133089e-03 6.270010507154897641e+04
5.130743972761520749e-03 6.299479814018055913e+04
5.175704825055231321e-03 6.328863220668165013e+04
5.221059670549486713e-03 6.358160779478998302e+04
5.266811961817663423e-03 6.387372587383487553e+04
5.312965181688153460e-03 6.416498785860358475e+04
5.359522843509459573e-03 6.445538466911680007e+04
5.406488491417651455e-03 6.474485930999506672e+04
5.453865700606179423e-03 6.503334092643306940e+04
5.501658077597992684e-03 6.532075782812069519e+04
5.549869260520119175e-03 6.560703750053497788e+04
5.598502919380585544e-03 6.589210670427275181e+04
5.647562756347797829e-03 6.617590117329494387e+04
5.697052506032377651e-03 6.645837462459450762e+04
5.746975935771438289e-03 6.673948256636348378e+04
5.797336845915362219e-03 6.701918025774048874e+04
5.848139070117133916e-03 6.729742271683455328e+04
5.899386475624116000e-03 6.757416479472846549e+04
5.951082963572494264e-03 6.784936234267067630e+04
6.003232469284199881e-03 6.812297210011661809e+04
6.055838962566503086e-03 6.839495067461539293e+04
6.108906448014219358e-03 6.866525451353889366e+04
6.162438965314518541e-03 6.893383991265046643e+04
6.216440589554486119e-03 6.920066029587562662e+04
6.270915431531287436e-03 6.946565093732748937e+04
6.325867638065124816e-03 6.972873939970073116e+04
6.381301392314913008e-03 6.998985269321365922e+04
6.437220914096688541e-03 7.024891731305283611e+04
6.493630460204854495e-03 7.050585926650179317e+04
6.550534324736238118e-03 7.076061031008159625e+04
6.607936839416937019e-03 7.101311900408366637e+04
6.665842373932104846e-03 7.126333673387017916e+04
6.724255336258548946e-03 7.151121482914687658e+04
6.783180173000303084e-03 7.175670457606037962e+04
6.842621369727135312e-03 7.199975698136816209e+04
6.902583451315958026e-03 7.224031421657641476e+04
6.963070982295335373e-03 7.247830731905470020e+04
7.024088567192897196e-03 7.271366638180229347e+04
7.085640850885885009e-03 7.294632125681437901e+04
7.147732518954742417e-03 7.317620157625555294e+04
7.210368298039760392e-03 7.340323746098135598e+04
7.273552956200936108e-03 7.362736584159426275e+04
7.337291303280892713e-03 7.384852765513755730e+04
7.401588191271034345e-03 7.406666389573889319e+04
7.466448514680921675e-03 7.428171558340615593e+04
7.531877210910821983e-03 7.449362378290797642e+04
7.597879260627572566e-03 7.470232727207883727e+04
7.664459688143760059e-03 7.490775530919649464e+04
7.731623561800128087e-03 7.510983468901849119e+04
7.799375994351465634e-03 7.530849218068171467e+04
7.867722143355749750e-03 7.550365455464103434e+04
7.936667211566779401e-03 7.569524863234338409e+04
8.006216447330256197e-03 7.588320326126886357e+04
8.076375144983249585e-03 7.606745088594178378e+04
8.147148645257281524e-03 7.624792447459581308e+04
8.218542335684831182e-03 7.642455719070039049e+04
8.290561651009475605e-03 7.659728241964540211e+04
8.363212073599624735e-03 7.676603348247852409e+04
8.436499133865807409e-03 7.693073874455540499e+04
8.510428410681700889e-03 7.709132250390974514e+04
8.585005531808824128e-03 7.724770918244677887e+04
8.660236174324901712e-03 7.739982348837901372e+04
8.736126065056080622e-03 7.754759045049965789e+04
8.812680981012809001e-03 7.769093573117519554e+04
8.889906749829656202e-03 7.782978707576701709e+04
8.967809250208928426e-03 7.796407330408866983e+04
9.046394412368130231e-03 7.809372371555436985e+04
9.125668218491466213e-03 7.821866812280006707e+04
9.205636703185162556e-03 7.833883688230620464e+04
9.286305953936863436e-03 7.845415902606601594e+04
9.367682111579060666e-03 7.856455931203486398e+04
9.449771370756516672e-03 7.866996234783518594e+04
9.532579980397828251e-03 7.877029339708382031e+04
9.616114244191157137e-03 7.886547842077471432e+04
9.700380521064025027e-03 7.895544413124788844e+04
9.785385225667450615e-03 7.904011840019107331e+04
9.871134828864184044e-03 7.911943036539295281e+04
9.957635858221333680e-03 7.919331005849348730e+04
1.004489489850728459e-02 7.926168842239020159e+04
1.013291859219289139e-02 7.932449735364413937e+04
1.022171363995720735e-02 7.938166940329500358e+04
1.031128680119748793e-02 7.943313498490961501e+04
1.040164489454378435e-02 7.947882386143354233e+04
1.049279479837801274e-02 7.951866689455950109e+04
1.058474345135750755e-02 7.955259610870394681e+04
1.067749785294329172e-02 7.958054473801216227e+04
1.077106506393282412e-02 7.960244706152493018e+04
1.086545220699753310e-02 7.961823786375856434e+04
1.096066646722504076e-02 7.962785309195316222e+04
1.105671509266606921e-02 7.963123009183154500e+04
1.115360539488620406e-02 7.962830765556474216e+04
1.125134474952251863e-02 7.961902605693422083e+04
1.134994059684495300e-02 7.960332619989811792e+04
1.144940044232278624e-02 7.958114907247408701e+04
1.154973185719590165e-02 7.955243716248286364e+04
1.165094247905116946e-02 7.951713464805341209e+04
1.175304001240387239e-02 7.947518744659426739e+04
1.185603222928413580e-02 7.942654324560779787e+04
1.195992696982864714e-02 7.937115130073642649e+04
1.206473214287739383e-02 7.930896254573436454e+04
1.217045572657575112e-02 7.923992984250419249e+04
1.227710576898183650e-02 7.916400803388295753e+04
1.238469038867908573e-02 7.908115399052239081e+04
1.249321777539432084e-02 7.899132670820900239e+04
1.260269619062118381e-02 7.889448758812737651e+04
1.271313396824898939e-02 7.879060029392453725e+04
1.282453951519718464e-02 7.867963069572715904e+04
1.293692131205526064e-02 7.856154691313231888e+04
1.305028791372835582e-02 7.843631935870891903e+04
1.316464795008849900e-02 7.830392113421202521e+04
1.328001012663149703e-02 7.816432855762282270e+04
1.339638322513969464e-02 7.801752047343592858e+04
1.351377610435041364e-02 7.786347816636229982e+04
1.363219770063032847e-02 7.770218539747605973e+04
1.375165702865578828e-02 7.753362851578720438e+04
1.387216318209894689e-02 7.735779847979714395e+04
1.399372533432011352e-02 7.717469105256484181e+04
1.411635273906596856e-02 7.698430467526098073e+04
1.424005473117403824e-02 7.678664037851698231e+04
1.436484072728331889e-02 7.658170180687602260e+04
1.449072022655104736e-02 7.636949572544208786e+04
1.461770281137583262e-02 7.615003566598863108e+04
1.474579814812715557e-02 7.592333986105838267e+04
1.487501598788110169e-02 7.568942917170011788e+04
1.500536616716276368e-02 7.544832708194227598e+04
1.513685860869493950e-02 7.520005970817993511e+04
1.526950332215352632e-02 7.494465762114884274e+04
1.540331040492952039e-02 7.468216032634895237e+04
1.553829004289759494e-02 7.441261123397351184e+04
1.567445251119156321e-02 7.413605626118161308e+04
1.581180817498650110e-02 7.385254382447240641e+04
1.595036749028779302e-02 7.356212492370470136e+04
1.609014100472712719e-02 7.326485855229810113e+04
1.623113935836534641e-02 7.296081456094131863e+04
1.637337328450243906e-02 7.265006573385310185e+04
1.651685361049464590e-02 7.233268702482906519e+04
1.666159125857857512e-02 7.200875552707453608e+04
1.680759724670275249e-02 7.167835114107832487e+04
1.695488268936625256e-02 7.134156531486846507e+04
1.710345879846481010e-02 7.099849816266518610e+04
1.725333688414436989e-02 7.064925161640306760e+04
1.740452835566192596e-02 7.029392922113309032e+04
1.755704472225417742e-02 6.993263608341009240e+04
1.771089759401354644e-02 6.956548196948226541e+04
1.786609868277200253e-02 6.919259430901368614e+04
1.802265980299268613e-02 6.881410674653845490e+04
1.818059287266913029e-02 6.843015371947860694e+04
1.833990991423265632e-02 6.804087038209535240e+04
1.850062305546742655e-02 6.764639257081827964e+04
1.866274453043371626e-02 6.724686449081143655e+04
1.882628668039925887e-02 6.684244782442071300e+04
1.899126195477861614e-02 6.643330635654751677e+04
1.915768291208091306e-02 6.601960354090019246e+04
1.932556222086589601e-02 6.560150241241142794e+04
1.949491266070816839e-02 6.517916617259831401e+04
1.966574712317019358e-02 6.475277334318355133e+04
1.983807861278348225e-02 6.432251748939679965e+04
2.001192024803863725e-02 6.388859126431303594e+04
2.018728526238399226e-02 6.345118556967575569e+04
2.036418700523290326e-02 6.301048946421532310e+04
2.054263894298006751e-02 6.256669310337185016e+04
2.072265466002652309e-02 6.212000814087507752e+04
2.090424785981379735e-02 6.167065442852260458e+04
2.108743236586710368e-02 6.121884860633162316e+04
2.127222212284754499e-02 6.076480395009239874e+04
2.145863119761367080e-02 6.030873029433960619e+04
2.164667378029237060e-02 5.985084237533199484e+04
2.183636418535890925e-02 5.939137815072726517e+04
2.202771685272681551e-02 5.893057625953587558e+04
2.222074634884688149e-02 5.846867036084159918e+04
2.241546736781614355e-02 5.800588907833459234e+04
2.261189473249645976e-02 5.754245627796941699e+04
2.281004339564277755e-02 5.707860678411299887e+04
2.300992844104151475e-02 5.661459278007542889e+04
2.321156508465867588e-02 5.615066176521326270e+04
2.341496867579821034e-02 5.568705469951716805e+04
2.362015469827048048e-02 5.522400599961292028e+04
2.382713877157088128e-02 5.476174535063333315e+04
2.403593665206885110e-02 5.430051804500400613e+04
2.424656423420741558e-02 5.384057693320140970e+04
2.445903755171295255e-02 5.338216736522105930e+04
2.467337277881591351e-02 5.292552695759988273e+04
2.488958623148193258e-02 5.247088565834042674e+04
2.510769436865388504e-02 5.201847031320437236e+04
2.532771379350489543e-02 5.156852152401856438e+04
2.554966125470207669e-02 5.112127795953111490e+04
2.577355364768165250e-02 5.067696987431973685e+04
2.599940801593497025e-02 5.023581923874508357e+04
2.622724155230595627e-02 4.979803991791079170e+04
2.645707160029997854e-02 4.936384348528026749e+04
2.668891565540394001e-02 4.893344514794522547e+04
2.692279136641825832e-02 4.850705327411170583e+04
2.715871653680023215e-02 4.808486810367333965e+04
2.739670912601933558e-02 4.766708194737347367e+04
2.763678725092445429e-02 4.725387944205164240e+04
2.787896918712285538e-02 4.684543873511987476e+04
2.812327337037144950e-02 4.644193161619247985e+04
2.836971839798027931e-02 4.604352278177600238e+04
2.861832303022803295e-02 4.565037002900715743e+04
2.886910619179034951e-02 4.526262449400724290e+04
2.912208697318023620e-02 4.488042864367996663e+04
2.937728463220140931e-02 4.450390269614146382e+04
2.963471859541434369e-02 4.413315451052776189e+04
2.989440845961486778e-02 4.376828706656666327e+04
3.015637399332621316e-02 4.340939871662789665e+04
3.042063513830363386e-02 4.305658340138485801e+04
3.068721201105255661e-02 4.270992165990670037e+04
3.095612490435996345e-02 4.236946286271451390e+04
3.122739428883904156e-02 4.203524868524717749e+04
3.150104081448749926e-02 4.170731854513787403e+04
3.177708531225965916e-02 4.138570976328298275e+04
3.205554879565194332e-02 4.107045684497437469e+04
3.233645246230275327e-02 4.076155546586205310e+04
3.261981769560591549e-02 4.045895110044277681e+04
3.290566606633850422e-02 4.016258679000876873e+04
3.319401933430300711e-02 3.987240675814052520e+04
3.348489944998356282e-02 3.958835642513222410e+04
3.377832855621711733e-02 3.931037751978328743e+04
3.407432898987883957e-02 3.903835812354233349e+04
3.437292328358253907e-02 3.877215467284735496e+04
3.467413416739605764e-02 3.851162678371435322e+04
3.497798457057130911e-02 3.825663768248318229e+04
3.528449762329003564e-02 3.800705408639424422e+04
3.559369665842427449e-02 3.776272824678329926e+04
3.590560521331270100e-02 3.752343709246462822e+04
3.622024703155243136e-02 3.728894123139502335e+04
3.653764606480627841e-02 3.705900714461917960e+04
3.685782647462615413e-02 3.683340694795160380e+04
3.718081263429241085e-02 3.661191770027728489e+04
3.750662913066902387e-02 3.639426731315528014e+04
3.783530076607544146e-02 3.618008595613708167e+04
3.816685256017446348e-02 3.596900051766735851e+04
3.850130975187686377e-02 3.576064633106518886e+04
3.883869780126281146e-02 3.555466689904688246e+04
3.917904239151972362e-02 3.535071499209009198e+04
3.952236943089764559e-02 3.514847632878576405e+04
3.986870505468123604e-02 3.494766604575303063e+04
4.021807562717936990e-02 3.474800636926495645e+04
4.057050774373221341e-02 3.454922570893723605e+04
4.092602823273552154e-02 3.435105857981214649e+04
4.128466415768304587e-02 3.415321750993005844e+04
4.164644281922677549e-02 3.395523551735067304e+04
4.201139175725494140e-02 3.375658078967897018e+04
4.237953875298872825e-02 3.355673412246334919e+04
4.275091183109680504e-02 3.335518929563245183e+04
4.312553926182881303e-02 3.315145329237640544e+04
4.350344956316748446e-02 3.294504490182411246e+04
4.388467150299929509e-02 3.273549211802235004e+04
4.426923410130462200e-02 3.252233658870078216e+04
4.465716663236665718e-02 3.230513494721009556e+04
4.504849862699993740e-02 3.208345937339043667e+04
4.544325987479847645e-02 3.185689881865338612e+04
4.584148042640321524e-02 3.162508117328931985e+04
4.624319059578966412e-02 3.138767893580456439e+04
4.664842096257570958e-02 3.114438306837960045e+04
4.705720237434908582e-02 3.089490185473813835e+04
4.746956594901598214e-02 3.063896159404656282e+04
4.788554307716953728e-02 3.037631746715619738e+04
4.830516542447951811e-02 3.010684775017629363e+04
4.872846493410299545e-02 2.983050749740039828e+04
4.915547382911559376e-02 2.954726661650532697e+04
4.958622461496485501e-02 2.925710933558949546e+04
5.002075008194435679e-02 2.896003445566652226e+04
5.045908330768987538e-02 2.865608025413534415e+04
5.090125765969759353e-02 2.834539980764482243e+04
5.134730679786379814e-02 2.802818147615054841e+04
5.179726467704760112e-02 2.770462179963538438e+04
5.225116554965532345e-02 2.737492526689113947e+04
5.270904396824805521e-02 2.703930514817433141e+04
5.317093478817213476e-02 2.669808125222861781e+04
5.363687317021210293e-02 2.635175119618009558e+04
5.410689458326740919e-02 2.600082277387909926e+04
5.458103480705265437e-02 2.564579407382168938e+04
5.505932993482083593e-02 2.528715272887282845e+04
5.554181637611133038e-02 2.492538256507132974e+04
5.602853085952122503e-02 2.456107845926444861e+04
5.651951043550124815e-02 2.419491688090086609e+04
5.701479247917647097e-02 2.382755052125034490e+04
5.751441469319101135e-02 2.345960451058412946e+04
5.801841511057848760e-02 2.309167607221739308e+04
5.852683209765689731e-02 2.272436143119003100e+04
5.903970435694939900e-02 2.235839151067179773e+04
5.955707093013053177e-02 2.199451839301257132e+04
6.007897120099801869e-02 2.163345006167497922e+04
6.060544489847084770e-02 2.127585096289285502e+04
6.113653209961381063e-02 2.092234358154314032e+04
6.167227323268791722e-02 2.057357809330549571e+04
6.221270908022839830e-02 2.023028669601772344e+04
6.275788078214876442e-02 1.989316342657574205e+04
6.330782983887274507e-02 1.956285180552953170e+04
6.386259811449364332e-02 1.923994728424410641e+04
6.442222783996072455e-02 1.892499987604230773e+04
6.498676161629443615e-02 1.861851416357162452e+04
6.555624241782906370e-02 1.832092359856303301e+04
6.613071359548407246e-02 1.803260712044612592e+04
6.671021888006452294e-02 1.775391293890301677e+04
6.729480238558942229e-02 1.748516174566387417e+04
6.788450861265044045e-02 1.722664961769438378e+04
6.847938245179896466e-02 1.697864711992309458e+04
6.907946918696354632e-02 1.674128339129881715e+04
6.968481449889726842e-02 1.651453351329361249e+04
7.029546446865468645e-02 1.629836492867973539e+04
7.091146558109995279e-02 1.609274748469456972e+04
7.153286472844558319e-02 1.589765454467853306e+04
7.215970921382157399e-02 1.571305035792352646e+04
7.279204675487681298e-02 1.553861515356186464e+04
7.342992548741116010e-02 1.537377306516691897e+04
7.407339396903969697e-02 1.521796708821830362e+04
7.472250118288954746e-02 1.507066810393007654e+04
7.537729654132804824e-02 1.493137260250461441e+04
7.603782988972472567e-02 1.479954607415820101e+04
7.670415151024528866e-02 1.467437667992400384e+04
7.737631212567946948e-02 1.455498057782258002e+04
7.805436290330239335e-02 1.444050522367020130e+04
7.873835545876926856e-02 1.433012658751777781e+04
7.942834186004471553e-02 1.422303989691780225e+04
8.012437463136659610e-02 1.411832760046346084e+04
8.082650675724380174e-02 1.401497274394397937e+04
8.153479168649033215e-02 1.391198299939691060e+04
8.224928333629331900e-02 1.380839493852529267e+04
8.297003609631777021e-02 1.370327523900457527e+04
8.369710483284702185e-02 1.359576216422698599e+04
8.443054489295891141e-02 1.348507667010323712e+04
8.517041210873951829e-02 1.337047273157909694e+04
8.591676280153287548e-02 1.325123586853557936e+04
8.666965378622848437e-02 1.312669103982628076e+04
8.742914237558656321e-02 1.299632175238808486e+04
8.819528638460034931e-02 1.285976552695798819e+04
8.896814413489759210e-02 1.271669672789992183e+04
8.974777445918019625e-02 1.256682338190511655e+04
9.053423670570244497e-02 1.240992965567485953e+04
9.132759074278928857e-02 1.224612818301200605e+04
9.212789696339326873e-02 1.207568140087030952e+04
9.293521628969203530e-02 1.189886584752422277e+04
9.374961017772626137e-02 1.171597273726233288e+04
9.457114062207719329e-02 1.152747515758317968e+04
9.539987016058677771e-02 1.133414061783881152e+04
9.623586187911742362e-02 1.113674331011228969e+04
9.707917941635485493e-02 1.093602987053415927e+04
9.792988696865248532e-02 1.073278082439229183e+04
9.878804929491791231e-02 1.052803944458823935e+04
9.965373172154316783e-02 1.032287534361584403e+04
1.005270001473770047e-01 1.011828870216929681e+04
1.014079210487416061e-01 9.915234538152095411e+03
1.022965614844932869e-01 9.714802795427802266e+03
1.031929891011267864e-01 9.518100377235366977e+03
1.040972721379248844e-01 9.326144162045193298e+03
1.050094794321533714e-01 9.139859700634038745e+03
1.059296804243005791e-01 8.960042050777676195e+03
1.068579451633641514e-01 8.787388759087356448e+03
1.077943443121827244e-01 8.622536677637725006e+03
1.087389491528154284e-01 8.466032322212100553e+03
1.096918315919682141e-01 8.318120912461072294e+03
1.106530641664672798e-01 8.178919300837215815e+03
1.116227200487813348e-01 8.048536792160620280e+03
1.126008730525911855e-01 7.926976322336792691e+03
1.135875976384089908e-01 7.813887057557528351e+03
1.145829689192467971e-01 7.708866678052248062e+03
1.155870626663337009e-01 7.611536854453959677e+03
1.165999553148842072e-01 7.521316252899119718e+03
1.176217239699170330e-01 7.437352878080063419e+03
1.186524464121239270e-01 7.358818244834434154e+03
1.196922011037914041e-01 7.284892871190931146e+03
1.207410671947729136e-01 7.214597602292068586e+03
1.217991245285141855e-01 7.146916739093584511e+03
1.228664536481316877e-01 7.080871611659795235e+03
1.239431358025430002e-01 7.015471140825450675e+03
1.250292529526526586e-01 6.949700415337099912e+03
1.261248877775905664e-01 6.882578932999264907e+03
1.272301236810061409e-01 6.813206320481667717e+03
1.283450447974176512e-01 6.740849431815884600e+03
1.294697359986159979e-01 6.664837916170934477e+03
1.306042829001264616e-01 6.584575769763467179e+03
1.317487718677251840e-01 6.499727365208847004e+03
1.329032900240140203e-01 6.410078229792262391e+03
1.340679252550528999e-01 6.315479886593972878e+03
1.352427662170494760e-01 6.216163787264747953e+03
1.364279023431081705e-01 6.112580253972952050e+03
1.376234238500385898e-01 6.005195627935816447e+03
1.388294217452221702e-01 5.894701491984029417e+03
1.400459878335411912e-01 5.781927297274989542e+03
1.412732147243661862e-01 5.667679141702974448e+03
1.425111958386063027e-01 5.552932899468075448e+03
1.437600254158209467e-01 5.438746194530298453e+03
1.450197985213929897e-01 5.326088103812974623e+03
1.462906110537663951e-01 5.215746046369744363e+03
1.475725597517454912e-01 5.108385433066112455e+03
1.488657422018594134e-01 5.004647317305382785e+03
1.501702568457911890e-01 4.905303289347288228e+03
1.514862029878706606e-01 4.811123852720033028e+03
1.528136808026342164e-01 4.722636967079220994e+03
1.541527913424509399e-01 4.639827925684629918e+03
1.555036365452141522e-01 4.562594431500798237e+03
1.568663192421022590e-01 4.490744633116112709e+03
1.582409431654056842e-01 4.423979823849137574e+03
1.596276129564239421e-01 4.361978918856284508e+03
1.610264341734314320e-01 4.304148240950143190e+03
1.624375132997121773e-01 4.249786957910105230e+03
1.638609577516667859e-01 4.198156606522061338e+03
1.652968758869881871e-01 4.148385587868232506e+03
1.667453770129110335e-01 4.099619470736588482e+03
1.682065713945324892e-01 4.051041136428529626e+03
1.696805702632055990e-01 4.001870668910706627e+03
1.711674858250067655e-01 3.951428997663487735e+03
1.726674312692778046e-01 3.899214982683251492e+03
1.741805207772412767e-01 3.844804237740551798e+03
1.757068695306936990e-01 3.788007671598236357e+03
1.772465937207722830e-01 3.728758794462758487e+03
1.787998105568003870e-01 3.667141938872127866e+03
1.803666382752105446e-01 3.603419063413434742e+03
1.819471961485437106e-01 3.537924474040727091e+03
1.835416044945301084e-01 3.471184665812875210e+03
1.851499846852470432e-01 3.403752293918832493e+03
1.867724591563588443e-01 3.336259190508150368e+03
1.884091514164372982e-01 3.269345423340826528e+03
1.900601860563626844e-01 3.203662536380491019e+03
1.917256887588093539e-01 3.139856635559717233e+03
1.934057863078117723e-01 3.078447437794469806e+03
1.951006065984166316e-01 3.019812289034015521e+03
1.968102786464187015e-01 2.964217000304040994e+03
1.985349325981815849e-01 2.911760989583137871e+03
2.002746997405448204e-01 2.862437322812346792e+03
2.020297125108187763e-01 2.816021674648729004e+03
2.038001045068650596e-01 2.772225120750036695e+03
2.055860104972675462e-01 2.730634521621851491e+03
2.073875664315910083e-01 2.690807677951794631e+03
2.092049094507290596e-01 2.652238792717081196e+03
2.110381778973459410e-01 2.614428617918020791e+03
2.128875113264063756e-01 2.576900335711481603e+03
2.147530505157981551e-01 2.539215146962148992e+03
2.166349374770506486e-01 2.500999936313725357e+03
2.185333154661442123e-01 2.461961125664971405e+03
2.204483289944142166e-01 2.421951454929919691e+03
2.223801238395541335e-01 2.380930772208786493e+03
2.243288470567111892e-01 2.339012066674361449e+03
2.262946469896801316e-01 2.296409247617827532e+03
2.282776732821973631e-01 2.253447483551063215e+03
2.302780768893312735e-01 2.210499544650095231e+03
2.322960100889741586e-01 2.167963347981204606e+03
2.343316264934324489e-01 2.126190197673839066e+03
2.363850810611226594e-01 2.085487808778478211e+03
2.384565301083663436e-01 2.046110494810406180e+03
2.405461313212880203e-01 2.008249341379656471e+03
2.426540437678213757e-01 1.972000549362343691e+03
2.447804279098168279e-01 1.937380691743045418e+03
2.469254456152552013e-01 1.904325564047822127e+03
2.490892601705721743e-01 1.872664357067806804e+03
2.512720362930870865e-01 1.842159388667809708e+03
2.534739401435403550e-01 1.812510073683617975e+03
2.556951393387448812e-01 1.783412243294912514e+03
2.579358029643440964e-01 1.754579160118212712e+03
2.601961015876839145e-01 1.725794185598608919e+03
2.624762072707953475e-01 1.696902782086347770e+03
2.647762935834950815e-01 1.667820709811529014e+03
2.670965356165971305e-01 1.638536241080488253e+03
2.694371099952395654e-01 1.609096259516077680e+03
2.717981948923329782e-01 1.579596406013838987e+03
2.741799700421221342e-01 1.550179894217820447e+03
2.765826167538665281e-01 1.521029756909094658e+03
2.790063179256452863e-01 1.492351427536668098e+03
2.814512580582782530e-01 1.464331979094154121e+03
2.839176232693699231e-01 1.437117543308720769e+03
2.864056013074798845e-01 1.410782698916525987e+03
2.889153815664129987e-01 1.385333131341955323e+03
2.914471550996379778e-01 1.360717308304916742e+03
2.940011146348287530e-01 1.336844923017056317e+03
2.965774545885389024e-01 1.313612166769437863e+03
2.991763710809994814e-01 1.290902943421525833e+03
3.017980619510471918e-01 1.268586429869802032e+03
3.044427267711874996e-01 1.246530604755758986e+03
3.071105668627853169e-01 1.224623936881705504e+03
3.098017853113884668e-01 1.202795363204071919e+03
3.125165869821910358e-01 1.181033915372202955e+03
3.152551785356263458e-01 1.159385862856290032e+03
3.180177684430972040e-01 1.137926614569738831e+03
3.208045670028487062e-01 1.116736285563997853e+03
3.236157863559749326e-01 1.095884950118094594e+03
3.264516405025686963e-01 1.075434285541490681e+03
3.293123453180100690e-01 1.055440579464618850e+03
3.321981185694025673e-01 1.035948416887022404e+03
3.351091799321491149e-01 1.016976773206723124e+03
3.380457510066722793e-01 9.985038271809911521e+02
3.410080553352874966e-01 9.804655423061828969e+02
3.439963184192172396e-01 9.627843830979268205e+02
3.470107677357561760e-01 9.453941937851188868e+02
3.500516327555900364e-01 9.282509061743835446e+02
3.531191449602633647e-01 9.113291288785623010e+02
3.562135378597972579e-01 8.946074466376455803e+02
3.593350470104700323e-01 8.780696800198132905e+02
3.624839100327455488e-01 8.617197455940937516e+02
3.656603666293626875e-01 8.455915159175871167e+02
3.688646586035806973e-01 8.297359070523472155e+02
3.720970298775889695e-01 8.141932391984245214e+02
3.753577265110742966e-01 7.989769509176952624e+02
3.786469967199488917e-01 7.840792565136189296e+02
3.819650908952502144e-01 7.694913280066089101e+02
3.853122616221995034e-01 7.552091412954673615e+02
3.886887636994268980e-01 7.412196834845043441e+02
3.920948541583723634e-01 7.274899527567836230e+02
3.955307922828488199e-01 7.139789277651503880e+02
3.989968396287809083e-01 7.006613232080053422e+02
4.024932600441132324e-01 6.875380392173036626e+02
4.060203196888995114e-01 6.746221846110968272e+02
4.095782870555612076e-01 6.619172264227403275e+02
4.131674329893242348e-01 6.494196032879822269e+02
4.167880307088409619e-01 6.371350787718722586e+02
4.204403558269864671e-01 6.250848831793219915e+02
4.241246863718368676e-01 6.132785761333946084e+02
4.278413028078382752e-01 6.017044836769563290e+02
4.315904880571545532e-01 5.903518398916962724e+02
4.353725275212020907e-01 5.792104981154420784e+02
4.391877091023801971e-01 5.682708378535484144e+02
4.430363232259840744e-01 5.575242526879679872e+02
4.469186628623146307e-01 5.469662304657915683e+02
4.508350235489774760e-01 5.365939957213261096e+02
4.547857034133845899e-01 5.264048043975585642e+02
4.587710031954470025e-01 5.163959366470213581e+02
4.627912262704655944e-01 5.065646971353779122e+02
4.668466786722295647e-01 4.969084153240402202e+02
4.709376691163109641e-01 4.874244457323645179e+02
4.750645090235626200e-01 4.781101681799956395e+02
4.792275125438291705e-01 4.689629880097330101e+02
4.834269965798592694e-01 4.599803362916152309e+02
4.876632808114267359e-01 4.511596700085585212e+02
4.919366877196704735e-01 4.424984722241335362e+02
4.962475426116397803e-01 4.339942522329778285e+02
5.005961736450598165e-01 4.256445456942889791e+02
5.049829118533080141e-01 4.174469147489235183e+02
5.094080911706194703e-01 4.093989481205376251e+02
5.138720484575041159e-01 4.014982612013016023e+02
5.183751235263871493e-01 3.937424961225717084e+02
5.229176591674823404e-01 3.861293218110627095e+02
5.275000011748838258e-01 3.786564340309117824e+02
5.321224983728860547e-01 3.713215554121135824e+02
5.367855026425429887e-01 3.641224354657532558e+02
5.414893689484524542e-01 3.570568505864800386e+02
5.462344553657741963e-01 3.501226037631423651e+02
5.510211231074930716e-01 3.433174764829328751e+02
5.558497365519126099e-01 3.366391793433303405e+02
5.607206632703943816e-01 3.300854483974568438e+02
5.656342740553353954e-01 3.236540583882919009e+02
5.705909429483992934e-01 3.173428221150389845e+02
5.755910472689876878e-01 3.111495898094601102e+02
5.806349676429590767e-01 3.050722485220409226e+02
5.857230880316105504e-01 2.991087215178279735e+02
5.908557957609024136e-01 2.932569676817967661e+02
5.960334815509401585e-01 2.875149809335950408e+02
6.012565395457234452e-01 2.818807896515355083e+02
6.065253673431467707e-01 2.763524561056738094e+02
6.118403660252631493e-01 2.709280758998567649e+02
6.172019401888216850e-01 2.656057774225829462e+02
6.226104979760631597e-01 2.603837213065621654e+02
6.280664511057911792e-01 2.552600998968168540e+02
6.335702149047093279e-01 2.502331367272212503e+02
6.391222083390442066e-01 2.453010860053217925e+02
6.447228540464349233e-01 2.404622321053332996e+02
6.503725783681026940e-01 2.357148890691788665e+02
6.560718113813123198e-01 2.310574001154469954e+02
6.618209869321071137e-01 2.264881371561471326e+02
6.676205426683323729e-01 2.220055003211493840e+02
6.734709200729570577e-01 2.176079174901756801e+02
6.793725644976774669e-01 2.132938448045923963e+02
6.853259251968157884e-01 2.090617794817594586e+02
6.913314553615260705e-01 2.049102547492616111e+02
6.973896121542876303e-01 2.008378280464446561e+02
7.035008567437086580e-01 1.968430803926065948e+02
7.096656543396271388e-01 1.929246160561619661e+02
7.158844742285310758e-01 1.890810622271274326e+02
7.221577898092795822e-01 1.853110686929670408e+02
7.284860786291349477e-01 1.816133075177615410e+02
7.348698224201237750e-01 1.779864727247154406e+02
7.413095071357030941e-01 1.744292799819926927e+02
7.478056229877503291e-01 1.709404662918792894e+02
7.543586644838867761e-01 1.675187896832524928e+02
7.609691304651169386e-01 1.641630289073716256e+02
7.676375241438034847e-01 1.608719831369672022e+02
7.743643531419699411e-01 1.576444716686230834e+02
7.811501295299490000e-01 1.544793336284353416e+02
7.879953698653603400e-01 1.513754276809610815e+02
7.949005952324283975e-01 1.483316317414144692e+02
8.018663312816571853e-01 1.453468426911199458e+02
8.088931082698407327e-01 1.424199760962025039e+02
8.159814611004235774e-01 1.395499659295078061e+02
8.231319293642291868e-01 1.367357642957256871e+02
8.303450573805295498e-01 1.339763411597162701e+02
8.376213942384772571e-01 1.312706840780212190e+02
8.449614938389137242e-01 1.286177968501729936e+02
8.523659149365264698e-01 1.260166959597246716e+02
8.598352211823876434e-01 1.234664139888648862e+02
8.673699811668552639e-01 1.209660005854983780e+02
8.749707684628644788e-01 1.185145221848705717e+02
8.826381616695865295e-01 1.161110617352392183e+02
8.903727444564681903e-01 1.137547184275296388e+02
8.981751056076731077e-01 1.114446074289461706e+02
9.060458390668965079e-01 1.091798596204750851e+02
9.139855439825740335e-01 1.069596213382493346e+02
9.219948247535009189e-01 1.047830541187132951e+02
9.300742910748353021e-01 1.026493344475463516e+02
9.382245579845066574e-01 1.005576535123119442e+02
9.464462459100432268e-01 9.850721695875925832e+01
9.547399807157960216e-01 9.649724465075998125e+01
9.631063937505840444e-01 9.452697043382043773e+01
9.715461218957486267e-01 9.259564190212763890e+01
9.800598076136448622e-01 9.070252016908557380e+01
9.886480989965438226e-01 8.884687964129581417e+01
9.973116498159617649e-01 8.702800779594635117e+01
1.006051119572437980e+00 8.524520496155481908e+01
1.014867173545733969e+00 8.349778410203141732e+01
1.023760482845470055e+00 8.178507060401818762e+01
1.032731724462225165e+00 8.010640206745658531e+01
1.041781581319064731e+00 7.846112810841945873e+01
1.050910742323523550e+00 7.684861056951228875e+01
1.060119902420056270e+00 7.526822344934578268e+01
1.069409762642934636e+00 7.371935211519220843e+01
1.078781030169615240e+00 7.220139306592872686e+01
1.088234418374563361e+00 7.071375374528747670e+01
1.097770646883571732e+00 6.925585235788965122e+01
1.107390441628533173e+00 6.782711768803758901e+01
1.117094534902696168e+00 6.642698892123084420e+01
1.126883665416421598e+00 6.505491546836645966e+01
1.136758578353408877e+00 6.371035679259915696e+01
1.146720025427418355e+00 6.239278223882354268e+01
1.156768764939503535e+00 6.110167086574386985e+01
1.166905561835732463e+00 5.983651128050286871e+01
1.177131187765409814e+00 5.859680147583890175e+01
1.187446421139831232e+00 5.738204866973081408e+01
1.197852047191529934e+00 5.619176914751029983e+01
1.208348858034056006e+00 5.502548810640080745e+01
1.218937652722266174e+00 5.388273950245871191e+01
1.229619237313163360e+00 5.276306589987866857e+01
1.240394424927250716e+00 5.166601832264248628e+01
1.251264035810422559e+00 5.059115610847035072e+01
1.262228897396416860e+00 4.953804676505112070e+01
1.273289844369797086e+00 4.850626582851936774e+01
1.284447718729483601e+00 4.749539672415187397e+01
1.295703369852863940e+00 4.650503057635868487e+01
1.307057654560443094e+00 4.553476568186312790e+01
1.318511437181060897e+00 4.458420763753267835e+01
1.330065589617702715e+00 4.365296945038112852e+01
1.341720991413859920e+00 4.274067140787912678e+01
1.353478529820492549e+00 4.184694094846175005e+01
1.365339099863556838e+00 4.097141253416889128e+01
1.377303604412154270e+00 4.011372752538477471e+01
1.389372954247253045e+00 3.927353405765049388e+01
1.401548068131012625e+00 3.845048692051473438e+01
1.413829872876740223e+00 3.764424743839380483e+01
1.426219303419431261e+00 3.685448335341182968e+01
1.438717302886936888e+00 3.608086871019138897e+01
1.451324822671770098e+00 3.532308374256494687e+01
1.464042822503522023e+00 3.458081476217853378e+01
1.476872270521921271e+00 3.385375404896016960e+01
1.489814143350526754e+00 3.314159974342393866e+01
1.502869426171082878e+00 3.244405574078120935e+01
1.516039112798509114e+00 3.176083158683573515e+01
1.529324205756545707e+00 3.109164237563035371e+01
1.542725716354083287e+00 3.043620864882118582e+01
1.556244664762141738e+00 2.979425629675500531e+01
1.569882080091518750e+00 2.916551646121974883e+01
1.583639000471147140e+00 2.854972543984541034e+01
1.597516473127112535e+00 2.794662459212138117e+01
1.611515554462363387e+00 2.735596024297568718e+01
1.625637310137145741e+00 2.677748358572010190e+01
1.639882815150112139e+00 2.621095060260246612e+01
1.654253153920161923e+00 2.565612197889600310e+01
1.668749420368978331e+00 2.511276301660914712e+01
1.683372718004319424e+00 2.458064354967682874e+01
1.698124160004013339e+00 2.405953786061086674e+01
1.713004869300686517e+00 2.354922459858797978e+01
1.728015978667264640e+00 2.304948669894855939e+01
1.743158630803194553e+00 2.256011130408886345e+01
1.758433978421420685e+00 2.208088968572174338e+01
1.773843184336151513e+00 2.161161716848507552e+01
1.789387421551370538e+00 2.115209305487692859e+01
1.805067873350116869e+00 2.070212055149617569e+01
1.820885733384582039e+00 2.026150669656635017e+01
1.836842205766961555e+00 1.983006228872580934e+01
1.852938505161122684e+00 1.940760181705954324e+01
1.869175856875057384e+00 1.899394339235717410e+01
1.885555496954173904e+00 1.858890867957379456e+01
1.902078672275381521e+00 1.819232283147596618e+01
1.918746640641997070e+00 1.780401442345486274e+01
1.935560670879511447e+00 1.742381538948509245e+01
1.952522042932170798e+00 1.705156095921278947e+01
1.969632047960396593e+00 1.668708959615476672e+01
1.986891988439095202e+00 1.633024293555017081e+01
2.004303178256798379e+00 1.598086569664796563e+01
2.021866942815667034e+00 1.563880562870366120e+01
2.039584619132410737e+00 1.530391348218978997e+01
2.057457555940048533e+00 1.497604295318732071e+01
2.075487113790589699e+00 1.465505062762401423e+01
2.093674665158586023e+00 1.434079592651412227e+01
2.112021594545634429e+00 1.403314105217928187e+01
2.130529298585757125e+00 1.373195093543792566e+01
2.149199186151708130e+00 1.343709318374468076e+01
2.168032678462243457e+00 1.314843803026389502e+01
2.187031209190299919e+00 1.286585828386333041e+01
2.206196224572116726e+00 1.258922928001016928e+01
2.225529183517355403e+00 1.231842883255677989e+01
2.245031557720142068e+00 1.205333718639855434e+01
2.264704831771087612e+00 1.179383697099167883e+01
2.284550503270324384e+00 1.153981315471386537e+01
2.304570082941491460e+00 1.129115300005585354e+01
2.324765094746746197e+00 1.104774601962828484e+01
2.345137076002755894e+00 1.080948393297068932e+01
2.365687577497749494e+00 1.057626062414853862e+01
2.386418163609556498e+00 1.034797210012496649e+01
2.407330412424677935e+00 1.012451644989480748e+01
2.428425915858448025e+00 9.905793804366332722e+00
2.449706279776195039e+00 9.691706296979079482e+00
2.471173124115479069e+00 9.482158017086030455e+00
2.492828083009432039e+00 9.277054938931472705e+00
2.514672804911136428e+00 9.076304916084589891e+00
2.536708952719106236e+00 8.879817659431513022e+00
2.558938203903891040e+00 8.687504701016219855e+00
2.581362250635759636e+00 8.499279358546486307e+00
2.603982799913518775e+00 8.315056700562227121e+00
2.626801573694441228e+00 8.134753512254604857e+00
2.649820309025371134e+00 7.958288261924980844e+00
2.673040758174944465e+00 7.785581068071675936e+00
2.696464688766960993e+00 7.616553667094247082e+00
2.720093883914971311e+00 7.451129381602958013e+00
2.743930142357999369e+00 7.289233089324324233e+00
2.767975278597455624e+00 7.130791192591105165e+00
2.792231123035290086e+00 6.975731588406245187e+00
2.816699522113313314e+00 6.823983639071340868e+00
2.841382338453760426e+00 6.675478143368476225e+00
2.866281451001061686e+00 6.530147308286831098e+00
2.891398755164906742e+00 6.387924721282645990e+00
2.916736162964509660e+00 6.248745323064744284e+00
2.942295603174150287e+00 6.112545380894870206e+00
2.968079021470024337e+00 5.979262462394129507e+00
2.994088380578344477e+00 5.848835409846394384e+00
3.020325660424729719e+00 5.721204314989675410e+00
3.046792858284959937e+00 5.596310494285977377e+00
3.073491988936996933e+00 5.474096464619016444e+00
3.100425084814342203e+00 5.354505919469446873e+00
3.127594196160786488e+00 5.237483705645762377e+00
3.155001391186455617e+00 5.122975800394073076e+00
3.182648756225265885e+00 5.010929288936583959e+00
3.210538395893719255e+00 4.901292342439974803e+00
3.238672433251146288e+00 4.794014196404812189e+00
3.267053009961305765e+00 4.689045129469306517e+00
3.295682286455399179e+00 4.586336442619185938e+00
3.324562442096564041e+00 4.485840438796524943e+00
3.353695675345757188e+00 4.387510402900187678e+00
3.383084203929092038e+00 4.291300582170850753e+00
3.412730265006696850e+00 4.197166166953270050e+00
3.442636115342995851e+00 4.105063271829121341e+00
3.472804031478484266e+00 4.014948917113609461e+00
3.503236309903063006e+00 3.926781010708870756e+00
3.533935267230832622e+00 3.840518330308076766e+00
3.564903240376452231e+00 3.756120505943169263e+00
3.596142586733013680e+00 3.673548002870682616e+00
3.627655684351526411e+00 3.592762104788405964e+00
3.659444932121926009e+00 3.513724897377707990e+00
3.691512749955671246e+00 3.436399252165066365e+00
3.723861578969989594e+00 3.360748810696639222e+00
3.756493881673687696e+00 3.286737969020671279e+00
3.789412142154585439e+00 3.214331861545364433e+00
3.822618866268652660e+00 3.143496336766171240e+00
3.856116581830746348e+00 3.074197947447555368e+00
3.889907838807014073e+00 3.006403943152311520e+00
3.923995209509048898e+00 2.940082256206185018e+00
3.958381288789673214e+00 2.875201487829256219e+00
3.993068694240486938e+00 2.811730894540390491e+00
4.028060066391095262e+00 2.749640374829513068e+00
4.063358068910158494e+00 2.688900456092505387e+00
4.098965388808140098e+00 2.629482281824008894e+00
4.134884736641831537e+00 2.571357599063115895e+00
4.171118846720727191e+00 2.514498746086962555e+00
4.207670477315154756e+00 2.458878640347779143e+00
4.244542410866216642e+00 2.404470766648709290e+00
4.281737454197648063e+00 2.351249165553603415e+00
4.319258438729459471e+00 2.299188422026658962e+00
4.357108220693449496e+00 2.248263654297361747e+00
4.395289681350678990e+00 2.198450502946297291e+00
4.433805727210772041e+00 2.149725120207875317e+00
4.472659290253186093e+00 2.102064159485605987e+00
4.511853328150370324e+00 2.055444765075992386e+00
4.551390824492965947e+00 2.009844562096840370e+00
4.591274789016901892e+00 1.965241646616318505e+00
4.631508257832482656e+00 1.921614575978761952e+00
4.672094293655554509e+00 1.878942359323377831e+00
4.713035986040629233e+00 1.837204448140756119e+00
4.754336451616047121e+00 1.796380726829041929e+00
4.795998834321271609e+00 1.756451504211989256e+00
4.838026305646187630e+00 1.717397504903428240e+00
4.880422064872547594e+00 1.679199860733073146e+00
4.923189339317465496e+00 1.641840102344219288e+00
4.966331384579156349e+00 1.605300150959816818e+00
5.009851484784730857e+00 1.569562310313989961e+00
5.053752952840170565e+00 1.534609258745566196e+00
5.098039130682574083e+00 1.500424041450419077e+00
5.142713389534522506e+00 1.466990062889734769e+00
5.187779130160691032e+00 1.434291079351072140e+00
5.233239783126776956e+00 1.402311191659203926e+00
5.279098809060621456e+00 1.371034838033831305e+00
5.325359698915611339e+00 1.340446787091484904e+00
5.372025974236490420e+00 1.310532130988461663e+00
5.419101187427380673e+00 1.281276278702422555e+00
5.466588922022234343e+00 1.252664949449611820e+00
5.514492792957581102e+00 1.224684166235300742e+00
5.562816446847770102e+00 1.197320249534673975e+00
5.611563562262531057e+00 1.170559811101695269e+00
5.660737850006977823e+00 1.144389747903458820e+00
5.710343053404135283e+00 1.118797236177442755e+00
5.760382948579881202e+00 1.093769725609399224e+00
5.810861344750350987e+00 1.069294933564326699e+00
5.861782084511983903e+00 1.045360837582840707e+00
5.913149044133994892e+00 1.021955669794531785e+00
5.964966133853424779e+00 9.990679138982835328e-01
6.017237298172860349e+00 9.766863000254238925e-01
6.069966516160664405e+00 9.547997995722238285e-01
6.123157801753899676e+00 9.333976201380876914e-01
6.176815204063835552e+00 9.124692005675295592e-01
6.230942807684248130e+00 8.920042060937501960e-01
6.285544733002327078e+00 8.719925235818236642e-01
6.340625136512292315e+00 8.524242568695568067e-01
6.396188211131875079e+00 8.332897222039674645e-01
6.452238186521457308e+00 8.145794437715896397e-01
6.508779329406022995e+00 7.962841493206260779e-01
6.565815943900017437e+00 7.783947658731911190e-01
6.623352371834960728e+00 7.609024155257884114e-01
6.681392993089930954e+00 7.437984113362746674e-01
6.739942225925039665e+00 7.270742532955943860e-01
6.799004527317729085e+00 7.107216243825510427e-01
6.858584393302063376e+00 6.947323866999646214e-01
6.918686359310947331e+00 6.790985776906077742e-01
6.979315000521447487e+00 6.638124064312551642e-01
7.040474932203030889e+00 6.488662500033329783e-01
7.102170810068863638e+00 6.342526499386235139e-01
7.164407330630294446e+00 6.199643087384466567e-01
7.227189231554331350e+00 6.059940864345055855e-01
7.290521292024252809e+00 5.923349970796146780e-01
7.354408333103487294e+00 5.789802056174525591e-01
7.418855218102584637e+00 5.659230247713239459e-01
7.483866852949372372e+00 5.531569119081338748e-01
7.549448186562508489e+00 5.406754659671598739e-01
7.615604211228141907e+00 5.284724244526726178e-01
7.682339962979980896e+00 5.165416604890631369e-01
7.749660521982598027e+00 5.048771799372240299e-01
7.817571012918228313e+00 4.934731185709317902e-01
7.886076605376840298e+00 4.823237393120428096e-01
7.955182514249623082e+00 4.714234295232811456e-01
8.024894000126042926e+00 4.607666983574414954e-01
8.095216369694256286e+00 4.503481741619008161e-01
8.166154976145039157e+00 4.401626019372846255e-01
8.237715219579365922e+00 4.302048408491525033e-01
8.309902547419442342e+00 4.204698617917124182e-01
8.382722454823349878e+00 4.109527450024142992e-01
8.456180485103436340e+00 4.016486777264351438e-01
8.530282230148232614e+00 3.925529519300253734e-01
8.605033330848158357e+00 3.836609620617081884e-01
8.680439477524872771e+00 3.749682028603848472e-01
8.756506410364522708e+00 3.664702672093362312e-01
8.833239919854669608e+00 3.581628440352387366e-01
8.910645847225032057e+00 3.500417162472673760e-01
8.988730084892228689e+00 3.421027579747212832e-01
9.067498576908295860e+00 3.343419318078368341e-01
9.146957319413116849e+00 3.267552884109683475e-01
9.227112361090952675e+00 3.193389648479579290e-01
9.307969803630848915e+00 3.120891827199591684e-01
9.389535802191131708e+00 3.050022463427188857e-01
9.471816565867907656e+00 2.980745409625198405e-01
9.554818358167805670e+00 2.913025310099516818e-01
9.638547497484747595e+00 2.846827583907589609e-01
9.723010357580857743e+00 2.782118408129593545e-01
9.808213368071777793e+00 2.718864701495000702e-01
9.894163014916035337e+00 2.657034108356977620e-01
9.980865840908755615e+00 2.596594983007451396e-01
1.006832844617980172e+01 2.537516374325626267e-01
1.015655748869616382e+01 2.479768010753175544e-01
1.024555968476872891e+01 2.423320285589100065e-01
1.033534180956365489e+01 2.368144242597665927e-01
1.042591069761805223e+01 2.314211561922806804e-01
1.051727324336028602e+01 2.261494546302758313e-01
1.060943640163474022e+01 2.209966107578416883e-01
1.070240718823134252e+01 2.159599753489418184e-01
1.079619268041958691e+01 2.110369574751803923e-01
1.089080001748722459e+01 2.062250232411634576e-01
1.098623640128382739e+01 2.015216945468330800e-01
1.108250909676899454e+01 1.969245480051828590e-01
1.117962543256528818e+01 1.924312155685125314e-01
1.127759280151627763e+01 1.880393827413955332e-01
1.137641866124920398e+01 1.837467858558619604e-01
1.147611053474265930e+01 1.795512109350614061e-01
1.157667601089935339e+01 1.754504926234810580e-01
1.167812274512375836e+01 1.714425131396573321e-01
1.178045845990486917e+01 1.675252012509121646e-01
1.188369094540402493e+01 1.636965312696738450e-01
1.198782806004801316e+01 1.599545220709301940e-01
1.209287773112723841e+01 1.562972361303879842e-01
1.219884795539911515e+01 1.527227785829161633e-01
1.230574679969692298e+01 1.492292963008499951e-01
1.241358240154382031e+01 1.458149769917602701e-01
1.252236296977225649e+01 1.424780483152782162e-01
1.263209678514896339e+01 1.392167770185866738e-01
1.274279220100526722e+01 1.360294680901981690e-01
1.285445764387289991e+01 1.329144639316424403e-01
1.296710161412559081e+01 1.298701435466908527e-01
1.308073268662606736e+01 1.268949217477604030e-01
1.319535951137882890e+01 1.239872483791440438e-01
1.331099081418854624e+01 1.211456075567190621e-01
1.342763539732441913e+01 1.183685169237858048e-01
1.354530214019019141e+01 1.156545269227234468e-01
1.366399999999998194e+01 1.130022200821156342e-01
